,30582_KF773572_H96cl05,30582_KF773570_H96cl01,30582_KF773577_H96cl10,30582_KF773573_H96cl06,30582_KF773574_H96cl07,30582_KF773575_H96cl08,30582_KF773576_H96cl09,30582_KF773578_H96cl11,30582_KF773571_H96cl02,30582_KF773579_H96cl12,30582_KF773580_H96cl13,30582_KF773581_H98cl01,30582_KF773583_H98cl07,30582_KF773582_H98cl04,30582_KF773584_H98cl14,30582_KF773585_H98cl32,30582_KF773586_H98cl33,30582_KF773587_H98cl34,30582_KF773588_H98cl38,30576_KF773423_B90cl39,30576_KF773420_B90cl28,30576_KF773421_B90cl32,30576_KF773422_B90cl36,30576_KF773424_B90cl50,30576_KF773425_B90cl51,30576_KF773426_B90cl57,30576_KF773427_B90cl59,30576_KF773428_B96cl41,30576_KF773429_B96cl42,30576_KF773430_B96cl43,30576_KF773431_B96cl44,30576_KF773432_B96cl46,30576_KF773433_B96cl47,30576_KF773435_B96cl50,30576_KF773436_B96cl51,30576_KF773437_B96cl54,30576_KF773438_B96cl55,30576_KF773439_B96cl57,30576_KF773434_B96cl49,"30576_KF773440_B96cl58 ",30576_KF773441_B96cl59,30578_KF773469_D01cl11,30578_KF773471_D01cl14,30578_KF773463_D01cl01,30578_KF773472_D03cl01,30578_KF773465_D01cl05,30578_KF773470_D01cl12,30578_KF773474_D03cl03,30578_KF773466_D01cl06,30578_KF773475_D03cl04,30578_KF773476_D03cl05,30578_KF773468_D01cl09,30578_KF773477_D03cl06,30578_KF773478_D03cl07,30578_KF773479_D03cl08,30578_KF773480_D03cl09,30578_KF773464_D01cl02,30578_KF773482_D03cl12,30578_KF773483_D03cl14,30578_KF773484_D03cl15,30578_KF773485_D99cl01,30578_KF773467_D01cl08,30578_KF773486_D99cl02,30578_KF773487_D99cl04,30578_KF773488_D99cl05,30578_KF773489_D99cl06,30578_KF773490_D99cl07,30578_KF773491_D99cl08,30578_KF773492_D99cl10,30578_KF773493_D99cl12,30577_KF773444_C02cl20,30577_KF773443_C02cl18,30577_KF773445_C02cl21,30577_KF773446_C02cl24,30577_KF773447_C02cl25,30577_KF773449_C03cl02,30577_KF773450_C03cl04,30577_KF773451_C03cl06,30577_KF773459_C94cl21,30577_KF773460_C94cl24,30577_KF773462_C94cl30,30577_KF773453_C03cl09,30577_KF773455_C03cl11,30577_KF773456_C03cl12,30577_KF773457_C03cl13,30577_KF773458_C03cl14,30576_KF773440_B96cl58,30577_KF773448_C02cl26,30577_KF773461_C94cl29
30582_KF773572_H96cl05,0,0.0014220870401169148,0.0007101321626974516,0.0007101308022611333,0.0007101308022611333,0.0021325989507295843,0.0014206383022532336,0,0.0007101308022611333,0.0007105064803598235,0.0007101308022611333,0.00786259947320417,0.0057112335800546315,0.008773063870433044,0.011470367964942827,0.00570829161201899,0.004987724650847582,0.004991866422206321,0.006418095755736526,0.013647020267648552,0.01511355392797838,0.0136595226659389,0.01291312058038102,0.018054064962305542,0.020253530638285056,0.013647020267648552,0.015099656531172425,0.016528504636352883,0.02165668546103747,0.017282783247077015,0.01581891979956807,0.0180021044702876,0.017987253420884954,0.015065062039094215,0.01870461323834094,0.017278137592810862,0.020903535157224675,0.014351657256712239,0.02090662416467092,,0.017252051199987115,0.019479522365420426,0.024667650225024994,0.021742768195815804,0.023173769636248752,0.02247355561842956,0.0224385904989296,0.023202998705494214,0.01951871465124949,0.022462998293790084,0.020257041827799943,0.01876578177519066,0.026224106222127497,0.026904062524119293,0.023233237838715743,0.019514764613464224,0.020966879185833318,0.023177389955523722,0.02169601949803472,0.03135835079162778,0.01656005943264932,0.021730516113284207,0.01949575544758804,0.01949847814720513,0.024718743729292288,0.02028000737648495,0.015117902252185622,0.019513918610782638,0.019114980128243572,0.018034304772312708,0.023903231472291543,0.03136184204600866,0.027641492468823713,0.02389033698099533,0.027668951974070877,0.02724415208139994,0.02688965249306742,0.0291740539624526,0.01074822349433377,0.013109836808924769,0.012940680972058504,0.02613865989787538,0.029123827259577396,0.0321171065416417,0.029147926429838402,0.02835008611091747,0.01652838778112945,0.03470212881242908,0
30582_KF773570_H96cl01,0.0014220870401169148,0,0.0021358862732846575,0.0021358740810969875,0.0021358740810969875,0.003562025464399445,0.0028463815810890877,0.0014220870401169148,0.0021358740810969875,0.0021325935204767384,0.0021358740810969875,0.009303961086338451,0.007146189152877408,0.01025449738993319,0.012927623440966053,0.007148801169472363,0.006425404861120367,0.006433228035340603,0.007856625268508678,0.015112846950454084,0.016587253182924484,0.015128322101337499,0.014376074570722491,0.019539751848614447,0.02174272819816959,0.015112846950454084,0.016570284232155848,0.01799968484169255,0.02314536347510149,0.01876265908201819,0.017293016141950734,0.019481903084703423,0.01946219021843409,0.016528619951754208,0.02017670986725445,0.018757016684774846,0.022384263433153827,0.015817131749277916,0.022386270970743583,,0.018724073313685804,0.02095467293597757,0.026166359774917172,0.023239731385343056,0.02466057219176175,0.023968774587805584,0.023929472432188435,0.024700860251999784,0.02099513854879446,0.023961928372804257,0.021741267622834324,0.02023251256042859,0.027743873776248068,0.028416564006576658,0.024738738618184042,0.02100569261382352,0.022448878190988862,0.02466036042597976,0.02318765311044719,0.03288067108358763,0.018034365820304217,0.023223459330516286,0.0209779290190414,0.020985377305192295,0.026228640458990836,0.020279517312699457,0.016590489943772352,0.021004653733093247,0.02059417702023027,0.019511817408507163,0.02539144818484292,0.03288471808486637,0.02915418332891864,0.0253793445497005,0.029185195489207092,0.02875215372192962,0.028398673019795234,0.03069753726072934,0.01220553310791323,0.01459709801992978,0.014408534785789998,0.027638605752954647,0.030636782073688546,0.0336392151639706,0.030650804813575856,0.029855916930926367,0.017999494657446942,0.03470212881242908,0
30582_KF773577_H96cl10,0.0007101321626974516,0.0021358862732846575,0,0.001422092470369761,0.001422092470369761,0.0028464050820515173,0.0021325999703618614,0.0007101321626974516,0.001422092470369761,0.001420638643057275,0.001422092470369761,0.008582400938812644,0.006427815445563815,0.00951286634519774,0.012198190085086259,0.006427667630801513,0.005705672331859648,0.0057116678878147975,0.007136467482856026,0.014379180373501846,0.015849719929774575,0.014393202244511018,0.013643816929773204,0.018796358020934222,0.020997610815330497,0.014379180373501846,0.01583424864904228,0.017263345221473773,0.022400425561321345,0.018022041441761474,0.016555251202723373,0.018741322185253755,0.018724005874562064,0.01579603690315105,0.01943991262175316,0.018016892817394894,0.021643218505730408,0.015083615134701262,0.021645762260816704,,0.01798731389564976,0.020216410152531495,0.02541658586254928,0.02249083510970186,0.023916602092504832,0.023220701574868417,0.023183514352948912,0.023951515864321198,0.020256277963043395,0.02321205443834739,0.02099858998619416,0.019498396259534586,0.02698388384187552,0.027660065451457404,0.023985671211111188,0.020259716877456837,0.021707268830183254,0.02391826893532795,0.022441311240865677,0.032119392485090874,0.017296527376443983,0.022476517813156217,0.020236237849611347,0.02024135910653622,0.02547344593682793,0.02102837463234971,0.01585351096800053,0.02025876329101173,0.019853931457240855,0.01877241605329626,0.024646784268116253,0.03212319739418849,0.028397600982089898,0.02463428636943335,0.02842692506639596,0.027997843831254015,0.027643883013181936,0.029935723723460574,0.011476072918216442,0.013852734013729655,0.013673889934078113,0.02688822632972857,0.029880076711916587,0.03287807757010365,0.029899006121548583,0.029102654546685442,0.01726319226972578,0.03470212881242908,0
30582_KF773573_H96cl06,0.0007101308022611333,0.0021358740810969875,0.001422092470369761,0,0.0014220870401169148,0.002846392753644481,0.002132594540109015,0.0007101308022611333,0.0014220870401169148,0.0014206372826209568,0.0014220870401169148,0.008582351731492775,0.006427787794077978,0.00951279113215757,0.012198052844791973,0.006427618628247155,0.00570563767241458,0.005711618680494927,0.0071364326773255115,0.0143789812663919,0.015849441163029398,0.014392967216905916,0.013643646130042573,0.018795931290987968,0.02099715443360778,0.0143789812663919,0.015834012160015485,0.017263135464357364,0.022400047003386398,0.01802175291234398,0.016555007229557252,0.018741036844547906,0.018723760925408967,0.01579588710196999,0.019439700743070644,0.018016611674308944,0.021642930800474306,0.01508344261941573,0.020169481109773416,,0.017987102828813287,0.02021613893084832,0.02541602328699464,0.022490269232840213,0.023916201473193392,0.023220183415042398,0.023183056256158956,0.02395094809710275,0.020255966003907607,0.02321147903910203,0.020998186566093355,0.019498193420452205,0.026982987415259473,0.027659318403731398,0.022482888386974945,0.02025925286991417,0.021706913988534953,0.023917908391654627,0.022440862055539558,0.032118507507455624,0.01729625415445819,0.022476011698864203,0.020235874945226818,0.020240956884153723,0.02547269846547074,0.021027826752896755,0.015853238591114156,0.020258312883410363,0.019853613465527428,0.0187720963379702,0.024646362174260934,0.03212227151619404,0.02839684113067602,0.02463386371078281,0.028426069835070678,0.02799715624557199,0.027643166084894345,0.02993478285031707,0.011475934132873967,0.013852493680292115,0.013673654942474587,0.026887646255676394,0.02987930512900314,0.03287715164769806,0.029898377882803424,0.029102008521406323,0.017262983322456883,0.03470212881242908,0
30582_KF773574_H96cl07,0.0007101308022611333,0.0021358740810969875,0.001422092470369761,0.0014220870401169148,0,0.002846392753644481,0.002132594540109015,0.0007101308022611333,0.0014220870401169148,0.0014206372826209568,0.0014220870401169148,0.008582351731492775,0.006427787794077978,0.00951279113215757,0.012198052844791973,0.006427618628247155,0.00570563767241458,0.005711618680494927,0.0071364326773255115,0.0143789812663919,0.015849441163029398,0.014392967216905916,0.013643646130042573,0.018795931290987968,0.02099715443360778,0.0143789812663919,0.015834012160015485,0.017263135464357364,0.022400047003386398,0.01802175291234398,0.016555007229557252,0.018741036844547906,0.018723760925408967,0.01579588710196999,0.019439700743070644,0.018016611674308944,0.021642930800474306,0.01508344261941573,0.021645483226042442,,0.017987102828813287,0.02021613893084832,0.02541602328699464,0.022490269232840213,0.023916201473193392,0.023220183415042398,0.023183056256158956,0.02395094809710275,0.020255966003907607,0.02321147903910203,0.020998186566093355,0.019498193420452205,0.026982987415259473,0.027659318403731398,0.023985002753387084,0.02025925286991417,0.021706913988534953,0.023917908391654627,0.022440862055539558,0.032118507507455624,0.01729625415445819,0.022476011698864203,0.020235874945226818,0.020240956884153723,0.02547269846547074,0.021027826752896755,0.015853238591114156,0.020258312883410363,0.019853613465527428,0.0187720963379702,0.024646362174260934,0.03212227151619404,0.02839684113067602,0.02463386371078281,0.028426069835070678,0.02799715624557199,0.027643166084894345,0.02993478285031707,0.011475934132873967,0.013852493680292115,0.013673654942474587,0.026887646255676394,0.02987930512900314,0.03287715164769806,0.029898377882803424,0.029102008521406323,0.017262983322456883,0.0406276188935133,0.006990009119960655
30582_KF773575_H96cl08,0.0021325989507295843,0.003562025464399445,0.0028464050820515173,0.002846392753644481,0.002846392753644481,0,0.003559487000122893,0.0021325989507295843,0.002846392753644481,0.002845689169200833,0.002846392753644481,0.010028324524228301,0.007868504982928461,0.010991701877350827,0.013652725398433091,0.007867180221396102,0.007141798841143814,0.007147031804954176,0.00857628792292844,0.015838636650312005,0.017313129079906824,0.015853506647873758,0.015099846359659047,0.020268476511903173,0.022476909924366212,0.015838636650312005,0.01729675840806136,0.018724136000679747,0.023874009447336177,0.019482548967430704,0.018014213064718454,0.02020444250737712,0.02018941720928545,0.0172530207211805,0.0209071981929301,0.019478884703785643,0.023115522119202855,0.016540249299258375,0.02311959758201907,,0.019449199451341704,0.02169286520934377,0.02690766425646773,0.02397410349536172,0.02540442069438113,0.024707034797035045,0.024667835396837107,0.025438721450072907,0.02173682451257255,0.02469492301238128,0.022480300006760413,0.02097547023129591,0.028475189991007867,0.029153861199448378,0.025471170585360192,0.021733184936200998,0.023189263791860166,0.02540706595505299,0.022457817687831116,0.03362509299836745,0.018763669419076617,0.023960510304740227,0.021712786959074304,0.02171544206092646,0.02696379864879199,0.022504475137286303,0.017318437819529284,0.02173211468586456,0.02132824836614099,0.020245892179838392,0.02613593490647446,0.033629214939600846,0.02989423901725345,0.026121868032853678,0.02992464895397572,0.02949280072647098,0.029138667170421833,0.03143618277671202,0.012927983250504201,0.015331317608323092,0.01513311490166135,0.02838333552291432,0.03138237139457318,0.03438854883635423,0.031406224933514824,0.030602103659989513,0.018723983660760887,0.03470212881242908,0
30582_KF773576_H96cl09,0.0014206383022532336,0.0028463815810890877,0.0021325999703618614,0.002132594540109015,0.002132594540109015,0.003559487000122893,0,0.0014206383022532336,0.002132594540109015,0.0021337315290993687,0.002132594540109015,0.009306687178042033,0.00715009312179573,0.010249915096016632,0.01292302709757455,0.007145947393525214,0.0064219910033255995,0.00642535977589079,0.007856061709540528,0.01510457615537638,0.016575036052013877,0.015117918183422502,0.014367243016668035,0.01952423162119661,0.02173091707774874,0.01510457615537638,0.016560251042216315,0.017987362780397663,0.02312829992170727,0.018741322185253755,0.01727593458630847,0.019463264795263866,0.019450735059696526,0.016520130521155627,0.020169985750674094,0.01873817197838872,0.02237390548908197,0.01580637528993357,0.022378549283247905,,0.018712004647236925,0.020954130732425268,0.026156846995332942,0.023224105082799453,0.02465974518326463,0.023957978945549283,0.02392101439581168,0.024688297161032977,0.0209974509095389,0.023943908455485944,0.021736902408941872,0.02024106796007244,0.027713391068886928,0.028395894377076982,0.024716772514482906,0.02098626852621352,0.022447029753227113,0.024664380811721308,0.023173942679034477,0.03286210301204646,0.018025296881670698,0.023212608208850013,0.02097041042947985,0.02097062523798624,0.02620712835359479,0.021754135640723926,0.016580928094935457,0.02098531412915121,0.02058740094668466,0.019505895471315513,0.0253905236940689,0.032865904730751475,0.029136177176728808,0.02537604978190453,0.029164704850252587,0.02873715938099279,0.02838248049991513,0.030672497025280375,0.012198244396300677,0.014586475310249692,0.014398003222700193,0.027631888282192214,0.03062420559408936,0.03362566817172763,0.03065337724054625,0.02984763736307041,0.017987250571566797,0.03470212881242908,0
30582_KF773578_H96cl11,0,0.0014220870401169148,0.0007101321626974516,0.0007101308022611333,0.0007101308022611333,0.0021325989507295843,0.0014206383022532336,0,0.0007101308022611333,0.0007105064803598235,0.0007101308022611333,0.00786259947320417,0.0057112335800546315,0.008773063870433044,0.011470367964942827,0.00570829161201899,0.004987724650847582,0.004991866422206321,0.006418095755736526,0.013647020267648552,0.01511355392797838,0.0136595226659389,0.01291312058038102,0.018054064962305542,0.020253530638285056,0.013647020267648552,0.015099656531172425,0.016528504636352883,0.02165668546103747,0.017282783247077015,0.01581891979956807,0.0180021044702876,0.017987253420884954,0.015065062039094215,0.01870461323834094,0.017278137592810862,0.020903535157224675,0.014351657256712239,0.02090662416467092,,0.017252051199987115,0.019479522365420426,0.024667650225024994,0.021742768195815804,0.023173769636248752,0.02247355561842956,0.0224385904989296,0.023202998705494214,0.01951871465124949,0.022462998293790084,0.020257041827799943,0.01876578177519066,0.026224106222127497,0.026904062524119293,0.023233237838715743,0.019514764613464224,0.020966879185833318,0.023177389955523722,0.02169601949803472,0.03135835079162778,0.01656005943264932,0.021730516113284207,0.01949575544758804,0.01949847814720513,0.024718743729292288,0.02028000737648495,0.015117902252185622,0.019513918610782638,0.019114980128243572,0.018034304772312708,0.023903231472291543,0.03136184204600866,0.027641492468823713,0.02389033698099533,0.027668951974070877,0.02724415208139994,0.02688965249306742,0.0291740539624526,0.01074822349433377,0.013109836808924769,0.012940680972058504,0.02613865989787538,0.029123827259577396,0.0321171065416417,0.029147926429838402,0.02835008611091747,0.01652838778112945,0.03470212881242908,0
30582_KF773571_H96cl02,0.0007101308022611333,0.0021358740810969875,0.001422092470369761,0.0014220870401169148,0.0014220870401169148,0.002846392753644481,0.002132594540109015,0.0007101308022611333,0,0.0014206372826209568,0.0014220870401169148,0.008582351731492775,0.006427787794077978,0.00951279113215757,0.012198052844791973,0.006427618628247155,0.00570563767241458,0.005711618680494927,0.0071364326773255115,0.0143789812663919,0.015849441163029398,0.014392967216905916,0.013643646130042573,0.018795931290987968,0.02099715443360778,0.0143789812663919,0.015834012160015485,0.017263135464357364,0.022400047003386398,0.01802175291234398,0.016555007229557252,0.018741036844547906,0.018723760925408967,0.01579588710196999,0.019439700743070644,0.018016611674308944,0.021642930800474306,0.01508344261941573,0.021645483226042442,,0.017987102828813287,0.02021613893084832,0.02541602328699464,0.022490269232840213,0.023916201473193392,0.023220183415042398,0.023183056256158956,0.02395094809710275,0.020255966003907607,0.02321147903910203,0.020998186566093355,0.019498193420452205,0.026982987415259473,0.027659318403731398,0.023985002753387084,0.02025925286991417,0.021706913988534953,0.023917908391654627,0.022440862055539558,0.032118507507455624,0.01729625415445819,0.022476011698864203,0.020235874945226818,0.020240956884153723,0.02547269846547074,0.021027826752896755,0.015853238591114156,0.020258312883410363,0.019853613465527428,0.0187720963379702,0.024646362174260934,0.03212227151619404,0.02839684113067602,0.02463386371078281,0.028426069835070678,0.02799715624557199,0.027643166084894345,0.02993478285031707,0.011475934132873967,0.013852493680292115,0.013673654942474587,0.026887646255676394,0.02987930512900314,0.03287715164769806,0.029898377882803424,0.029102008521406323,0.017262983322456883,0.03470212881242908,0
30582_KF773579_H96cl12,0.0007105064803598235,0.0021325935204767384,0.001420638643057275,0.0014206372826209568,0.0014206372826209568,0.002845689169200833,0.0021337315290993687,0.0007105064803598235,0.0014206372826209568,0,0.0014206372826209568,0.008586896114785908,0.006433508190733495,0.00951017065097148,0.012195304303250476,0.006426604107420856,0.005704068873049018,0.005705603395511783,0.007137708585913915,0.014372576955796381,0.01583911061612621,0.014384435276854653,0.013636689856446832,0.018782312285397416,0.0209872050358208,0.014372576955796381,0.015825857287902357,0.01725271166250825,0.02238490666326661,0.01800234421439603,0.016539835471179994,0.018724318622736623,0.018714198327468644,0.015789283788775702,0.019434855304938648,0.01799968484169255,0.021634466202604917,0.015074570936644474,0.021639632719564993,,0.017976932028592196,0.02021740434263154,0.025408336034959816,0.022476517813156217,0.023917170274711817,0.02321124305273931,0.023176444418931578,0.023940235404322854,0.0202600464795582,0.023195360125747473,0.02099562293123103,0.019508502187635727,0.02695445516287324,0.02764054846086083,0.02396494090487285,0.020241741304180733,0.021706865267647552,0.023923689656797243,0.022429032755398492,0.032101818219070336,0.017289050294703234,0.02246700756784392,0.020230204768796126,0.020228093244970807,0.025453089886239202,0.02100627705743007,0.015845538168806766,0.02024087908389463,0.019848690794251573,0.018768016661107927,0.02464724641706818,0.03210534018953649,0.028380722962604653,0.02463238822776001,0.028407479626801867,0.027984048221007328,0.027628865117237382,0.029911684412181554,0.011470506148802479,0.013109836808924769,0.01366498913851905,0.02688275183574768,0.029868578620171556,0.03286544130579894,0.029902658740544368,0.029095565938800257,0.017252633599504213,0.03470212881242908,0
30582_KF773580_H96cl13,0.0007101308022611333,0.0021358740810969875,0.001422092470369761,0.0014220870401169148,0.0014220870401169148,0.002846392753644481,0.002132594540109015,0.0007101308022611333,0.0014220870401169148,0.0014206372826209568,0,0.008582351731492775,0.006427787794077978,0.00951279113215757,0.012198052844791973,0.006427618628247155,0.00570563767241458,0.005711618680494927,0.0071364326773255115,0.0143789812663919,0.015849441163029398,0.014392967216905916,0.013643646130042573,0.018795931290987968,0.02099715443360778,0.0143789812663919,0.015834012160015485,0.017263135464357364,0.022400047003386398,0.01802175291234398,0.016555007229557252,0.018741036844547906,0.018723760925408967,0.01579588710196999,0.019439700743070644,0.018016611674308944,0.021642930800474306,0.01508344261941573,0.021645483226042442,,0.017987102828813287,0.02021613893084832,0.02541602328699464,0.022490269232840213,0.023916201473193392,0.023220183415042398,0.023183056256158956,0.02395094809710275,0.020255966003907607,0.02321147903910203,0.020998186566093355,0.019498193420452205,0.026982987415259473,0.027659318403731398,0.023985002753387084,0.02025925286991417,0.021706913988534953,0.023917908391654627,0.022440862055539558,0.032118507507455624,0.01729625415445819,0.022476011698864203,0.020235874945226818,0.020240956884153723,0.02547269846547074,0.021027826752896755,0.015853238591114156,0.020258312883410363,0.019853613465527428,0.0187720963379702,0.024646362174260934,0.03212227151619404,0.02839684113067602,0.02463386371078281,0.028426069835070678,0.02799715624557199,0.027643166084894345,0.02993478285031707,0.011475934132873967,0.013852493680292115,0.013673654942474587,0.026887646255676394,0.02987930512900314,0.03287715164769806,0.029898377882803424,0.029102008521406323,0.017262983322456883,0.03470212881242908,0
30582_KF773581_H98cl01,0.00786259947320417,0.009303961086338451,0.008582400938812644,0.008582351731492775,0.008582351731492775,0.010028324524228301,0.009306687178042033,0.00786259947320417,0.008582351731492775,0.008586896114785908,0.008582351731492775,0,0.009319189817620026,0.009505927155526693,0.013647369525176369,0.007868952030744768,0.00714357408313282,0.00857621860790428,0.01002056497688944,0.02022849701420085,0.02170775760666467,0.018768105853346075,0.019479888132102482,0.02468208087596428,0.02691638392722486,0.02022849701420085,0.02169286112302868,0.021638657961538223,0.02680000006476411,0.023858833436901095,0.022391776206188096,0.02459223451254955,0.024594343081915535,0.023115352015835252,0.02384819847866185,0.02237871788996859,0.029036156286565237,0.020920708975308646,0.027554357447203973,,0.022366912861526242,0.02614344663955792,0.031384794365273166,0.028418660718677286,0.029886126171864057,0.029168529737367003,0.02912775125111852,0.02989969052471286,0.02620159982822137,0.02913567558143269,0.026937795354006488,0.02544152463284431,0.03292028743759681,0.03362197082810713,0.029912509238784538,0.026145679702487636,0.027652662571408033,0.029899228531409847,0.028360922947678256,0.038130759987881596,0.02317432390549324,0.02841463061768047,0.026152043135251348,0.026136946599491805,0.03141919712688678,0.02691733461596881,0.021721022256809268,0.026144435253907836,0.025762974664844895,0.024678493106185622,0.030621641857727387,0.03813533664617538,0.03437440020758847,0.03060016629064798,0.034403254915061646,0.032459973023857315,0.03210183976430539,0.03438710569916847,0.017297944097850317,0.019774714413854772,0.01951780384330986,0.03137115092693203,0.03361104367233995,0.037386756479862775,0.03290698981375499,0.03359464316114789,0.023114834684690395,0.05325811053588015,0.007013673701640742
30582_KF773583_H98cl07,0.0057112335800546315,0.007146189152877408,0.006427815445563815,0.006427787794077978,0.006427787794077978,0.007868504982928461,0.00715009312179573,0.0057112335800546315,0.006427787794077978,0.006433508190733495,0.006427787794077978,0.009319189817620026,0,0.009883190531263748,0.013665816677416362,0.007150035059785082,0.006425239500314298,0.00642189963139044,0.00786361157725929,0.01803201758019856,0.01950444812696979,0.018043834821275504,0.01728692462398366,0.022466230286074095,0.024693116680450475,0.01803201758019856,0.01949116292014682,0.020911381972835985,0.026070985390912203,0.021651003398626238,0.02166922633962557,0.022382373841172594,0.023866559346774275,0.02091185174882136,0.023115698977729658,0.021654661549184474,0.026811193127958034,0.02019585697089507,0.02533604015461891,,0.021638648432103495,0.023927871136071248,0.027649264052612657,0.024693094819493625,0.027656011715750252,0.025442315278079112,0.026898566351845656,0.026169074641653967,0.022509016496360307,0.02690392315796057,0.02471540137480279,0.023229907941548993,0.029152942793425222,0.029862845491144124,0.027676100988713072,0.02392515591946558,0.0239496277376057,0.02767006915137207,0.02613442573891665,0.03586754799288335,0.019494563836111076,0.024694414297017773,0.02245315414463332,0.022432534326730817,0.027668330498990347,0.023196021117180558,0.018046644801847797,0.02243491426812167,0.022069740511668077,0.020989494739455293,0.026902672023281074,0.03434995215885373,0.03061272996985527,0.02688070546482816,0.02914199083182978,0.02722439216699611,0.02686685045335349,0.030621121309291736,0.013656459062980622,0.016063819686848,0.01585547979515133,0.02613959587929251,0.030616742474299418,0.03361484707166497,0.029171925632583914,0.028347116792450937,0.02091145377420895,0.03199192002514807,0.0034773943668488013
30582_KF773582_H98cl04,0.008773063870433044,0.01025449738993319,0.00951286634519774,0.00951279113215757,0.00951279113215757,0.010991701877350827,0.010249915096016632,0.008773063870433044,0.00951279113215757,0.00951017065097148,0.00951279113215757,0.009505927155526693,0.009883190531263748,0,0.010263187048793216,0.008036566051549461,0.008031919265640435,0.00951142545236003,0.010978993993890749,0.021441784563783574,0.02296386581063754,0.019942319258592935,0.020676966406046764,0.026016645040675187,0.02829875823869847,0.021441784563783574,0.022945540941564885,0.019914686487796634,0.02519364538940396,0.02220682124467261,0.020700810218088037,0.02295035308992549,0.022178210128956134,0.020671709584204504,0.022159578424955126,0.020683012865809335,0.027479807746008555,0.019186576223436787,0.025190807823842917,,0.02065748864140081,0.026724765285154283,0.03287416535414405,0.0298449758076988,0.029787416319361687,0.030606091494028695,0.03055964099174015,0.03135742181692309,0.02754025140191387,0.03058552754076815,0.028306335205872637,0.02675238814347517,0.033702238510272306,0.03518921026858062,0.03138824711511232,0.027524565636862813,0.029035608642116656,0.03132747092492728,0.02978433383284481,0.03902007725432007,0.024461083929410363,0.02983197574556469,0.027508554073617023,0.026738135825204963,0.032931592612916345,0.02754728560129316,0.022971797201770217,0.02752309428719476,0.02710946116846811,0.02599547943468628,0.03207737168636924,0.03902505395236232,0.03595534668509118,0.03206028695260607,0.03598924237410151,0.03398083235193067,0.0336153957140394,0.03519198020348429,0.018438049016928373,0.020994917245839892,0.02071613562384397,0.032848516222681846,0.03593103947237001,0.0390271899636545,0.034415136183097814,0.035131114392636026,0.02142924472627239,0.04063099908681105,0
30582_KF773584_H98cl14,0.011470367964942827,0.012927623440966053,0.012198190085086259,0.012198052844791973,0.012198052844791973,0.013652725398433091,0.01292302709757455,0.011470367964942827,0.012198052844791973,0.012195304303250476,0.012198052844791973,0.013647369525176369,0.013665816677416362,0.010263187048793216,0,0.011481353716270392,0.01219197087220466,0.013642308518630217,0.015094696925826925,0.023920323084450055,0.02541674468654448,0.0209665762712644,0.023165606724603605,0.028417852362054307,0.030660920042418806,0.023920323084450055,0.02539585038779499,0.022413012209918832,0.0275971743851769,0.024662876072808444,0.023188293525002995,0.02539401573606909,0.025385835867005293,0.02390298084655448,0.024617682769973597,0.023168003414497578,0.02984432134488385,0.02170275082073507,0.028347295715053723,,0.02314042844542996,0.029859453854077126,0.035152691214902936,0.032180065307397636,0.032118943430656036,0.032927945308796135,0.032878003619989354,0.0336644030671153,0.029919551147355325,0.03290218838721686,0.030672050076172706,0.029139928111705345,0.03673224886639024,0.03742005656619908,0.033692487706810284,0.02989345840909087,0.03138347698809291,0.03363422369178476,0.0321121712250384,0.041952997817025564,0.02688586729985034,0.03216791293294387,0.029882010311722437,0.028367474369299837,0.03520950651546301,0.029158645007677654,0.025427424356637446,0.029891719421784667,0.029486872587209043,0.028397661842917584,0.03436824206819644,0.04195891499180385,0.03817360599090876,0.03434851777365167,0.03820959966097966,0.03623222554874721,0.0358755738457971,0.03819254199853269,0.02096995429094337,0.023518657700521025,0.023212578534633235,0.035125870512467766,0.03815164728054854,0.041191417327639444,0.03668444605306849,0.03736350470239382,0.02390199803094927,0.052918887606742106,0.014004546035959787
30582_KF773585_H98cl32,0.00570829161201899,0.007148801169472363,0.006427667630801513,0.006427618628247155,0.006427618628247155,0.007867180221396102,0.007145947393525214,0.00570829161201899,0.006427618628247155,0.006426604107420856,0.006427618628247155,0.007868952030744768,0.007150035059785082,0.008036566051549461,0.011481353716270392,0,0.004987979709383216,0.006425306992753236,0.007856011086276716,0.01803340936185879,0.019511782115576127,0.016575583193607676,0.01728919473492588,0.0224784667070955,0.023206071199720017,0.01803340936185879,0.01949520250171133,0.019443635948764627,0.024592522341589235,0.02167217228163007,0.020203721241712366,0.022399398852799613,0.02239156107780875,0.020919374814930863,0.02163845204668709,0.020189000885577197,0.026821459882439003,0.01872954320238242,0.025336343973946015,,0.02016964509329284,0.02243301259335762,0.02690673887233459,0.024724910836931235,0.026150288861047123,0.025457023100246265,0.025415699414160057,0.026189978438183558,0.0224775703627475,0.025446714704548092,0.023224872474087912,0.02171146567477802,0.029237121195054144,0.029912292129148647,0.026226155252953194,0.02248106696226909,0.02393276420862057,0.024663851576178782,0.024669412449150174,0.034388315967223027,0.0195033914850599,0.026190784825232225,0.02245637328834602,0.02097017429367793,0.029197967877282377,0.02321425077776091,0.019520772812638434,0.023942014888822055,0.022070387735280358,0.02098718611068694,0.028379164591574618,0.035888334444825996,0.032139722328266854,0.028361544855717003,0.032170406073734364,0.03022468001917759,0.029868590277516364,0.03215517478975882,0.015111938479940735,0.017553860876864412,0.017326379865337558,0.029127995815507138,0.03212144862080455,0.03513001758715156,0.03065248902858435,0.03134648456442662,0.020918778543111752,0.04685235717624532,0
30582_KF773586_H98cl33,0.004987724650847582,0.006425404861120367,0.005705672331859648,0.00570563767241458,0.00570563767241458,0.007141798841143814,0.0064219910033255995,0.004987724650847582,0.00570563767241458,0.005704068873049018,0.00570563767241458,0.00714357408313282,0.006425239500314298,0.008031919265640435,0.01219197087220466,0.004987979709383216,0,0.004279489408388394,0.005704053396885066,0.017289142540001877,0.018764519501634026,0.015833035386769646,0.016548057538217805,0.02172461497674195,0.023940373436999215,0.017289142540001877,0.01874917579331162,0.01870460073570637,0.023844979080057723,0.02093099930841761,0.019462595069292387,0.02165624242802724,0.021646093321726272,0.020177339786309645,0.02089505156006492,0.019449086861038807,0.02606892675346029,0.017989612693332654,0.02458506130635643,,0.019430341911194176,0.0231612036950362,0.0283822510289947,0.02543855992024726,0.02688112170267502,0.026177093950203335,0.02613792410064329,0.02690826314342752,0.0232080322764063,0.02615893768289984,0.02394889340657209,0.02244843379532047,0.029939590859460633,0.030625796061782205,0.0269345863024451,0.023189468874399616,0.02466050970335766,0.026887019409896025,0.02538575960458346,0.03510816068787936,0.020220064506783576,0.02542799911297687,0.02317699665845053,0.023174618372612026,0.028431039251296506,0.023960098394156106,0.01877180433663869,0.023188373514829563,0.022791733201081268,0.021708065306941915,0.027614087445863633,0.035112335965644344,0.03136967014350071,0.027598176621554667,0.03139899193644691,0.029459407654580026,0.029102916168420187,0.0313861564902064,0.014372822591203843,0.01679858408939438,0.016581175021793924,0.028361446912502218,0.03135013421801754,0.034353146694564095,0.029880600934766736,0.03057780854501793,0.020176802890991587,0.04063099908681105,0
30582_KF773587_H98cl34,0.004991866422206321,0.006433228035340603,0.0057116678878147975,0.005711618680494927,0.005711618680494927,0.007147031804954176,0.00642535977589079,0.004991866422206321,0.005711618680494927,0.005705603395511783,0.005711618680494927,0.00857621860790428,0.00642189963139044,0.00951142545236003,0.013642308518630217,0.006425306992753236,0.004279489408388394,0,0.005705584391981003,0.01729620066754183,0.01877546126000565,0.017312146706450177,0.016555707034185248,0.021738724152931693,0.023950722929431314,0.01729620066754183,0.01875796646965719,0.020188000749038544,0.025350648142854003,0.02095107854236112,0.02096541482716524,0.021673603027321225,0.023144083705379348,0.020188470985109473,0.022373740826856645,0.020946748106132694,0.0260818209309815,0.01947732169434938,0.02459144608178153,,0.02091432161339843,0.023160408663095794,0.02688606891518784,0.02545260910317848,0.026880483166014494,0.026186352226780316,0.02614488290064306,0.026919234549767794,0.023204359051377656,0.0261753728915433,0.023951825508864787,0.02243860241041448,0.029968199971614422,0.030644707826556768,0.026954879802087404,0.02171122831598621,0.02466094400547597,0.0268815614463774,0.025397992414446093,0.03512481220788576,0.020227820997431128,0.025437317942804703,0.023183108624327792,0.023187954468582832,0.028450818558369072,0.02398203157040781,0.018780072313104315,0.02320625751569181,0.022797149015328585,0.021712637410651422,0.02761354570226976,0.035129203517460135,0.03138589929175769,0.027599996934373837,0.03141763258904095,0.029468768848656138,0.02911344769937361,0.03140529100104607,0.014378953558478916,0.016807896326824417,0.016590456305959452,0.02836265797005349,0.031356989724465795,0.034360795723879456,0.0298782746188727,0.030580490282552303,0.020187812570187074,0.03470212881242908,0
30582_KF773588_H98cl38,0.006418095755736526,0.007856625268508678,0.007136467482856026,0.0071364326773255115,0.0071364326773255115,0.00857628792292844,0.007856061709540528,0.006418095755736526,0.0071364326773255115,0.007137708585913915,0.0071364326773255115,0.01002056497688944,0.00786361157725929,0.010978993993890749,0.015094696925826925,0.007856011086276716,0.005704053396885066,0.005705584391981003,0,0.017282481502966008,0.018758740528050096,0.017296589011350057,0.016543142062619927,0.021718090086204678,0.023930106139714843,0.017282481502966008,0.018743131278679305,0.018724003706423447,0.02384250581034098,0.02238424460433893,0.020915764144580986,0.02163093923201489,0.023127665816192283,0.02017569728972952,0.022362673531215543,0.02093047801711432,0.02457446023288065,0.020918974496235598,0.024578205302365434,,0.02090201113487862,0.023147201419838705,0.028368752008949647,0.025429112626303728,0.02686419485035753,0.026165226853543645,0.026125743855811553,0.02689676444869486,0.023189798960059238,0.026151911596572163,0.023189452616823366,0.022429127365911797,0.028414500092431065,0.030618299384991093,0.026928308259914782,0.024650518301071934,0.02464509225836973,0.02686736472202457,0.025378011686990443,0.03509752988157137,0.020212278141101454,0.02541597990666233,0.023165875872475847,0.023168373156692422,0.0284232037553899,0.023957112841446502,0.018763735323513844,0.02318460816435216,0.0227814223415962,0.021696416138862126,0.02759736482886284,0.035101655922929145,0.03136005077457682,0.02758361631440931,0.02987068883948653,0.029448349675590593,0.029091940656298845,0.029860912231177077,0.014367122041688302,0.016791714420939463,0.01657455776542458,0.0283450965783081,0.029827934273242637,0.0328205067112686,0.02986020671203257,0.03056218784077885,0.02163440909718993,0.03470212881242908,0
30576_KF773423_B90cl39,0.013647020267648552,0.015112846950454084,0.014379180373501846,0.0143789812663919,0.0143789812663919,0.015838636650312005,0.01510457615537638,0.013647020267648552,0.0143789812663919,0.014372576955796381,0.0143789812663919,0.02022849701420085,0.01803201758019856,0.021441784563783574,0.023920323084450055,0.01803340936185879,0.017289142540001877,0.01729620066754183,0.017282481502966008,0,0.005732667398558992,0.00572205110249114,0.004991842395217893,0.00862429275459496,0.009323542338056373,0.001422073194201726,0.007171004592520276,0.02164172447877217,0.0223715631620926,0.023831794122998143,0.02238390825811026,0.0230992660231059,0.021657053491615372,0.02164220079512058,0.02237348579922352,0.020915290603233248,0.02164158318992749,0.017976529971008376,0.023098702360654394,,0.019419961044770798,0.023139910918017217,0.02837092338334393,0.025441375289683047,0.02685424172426746,0.026170282607351283,0.026128149616604777,0.026903952277186435,0.023175425560467647,0.02316463868608671,0.023928981162247943,0.023888746198311734,0.028443532189239836,0.03063757493800292,0.026950061017131627,0.02466259272191429,0.024637686753302322,0.026849854874767185,0.02539009393371279,0.035111564096438334,0.02021966618628472,0.025420922318935397,0.02316839968427989,0.023182987987085357,0.02844293353303471,0.02398365990797477,0.018771325001191795,0.023206274641137156,0.022784019163426955,0.021696818278932533,0.027627727332325516,0.033642995272899476,0.02990837209252452,0.03061215763829071,0.029941476555657466,0.03102535398796129,0.030627519740736048,0.032934233717621775,0.014374775408822198,0.016801696092679935,0.0165845459591784,0.029894116678582064,0.03138681089521584,0.03439264955548835,0.03140566147046639,0.03212118541145886,0.023102075843745414,0.0406226904441114,0.013971425035108509
